sample x  eff      eff-se      lm-rse x     x    kcat      kcat-se   x  km        km-se     x   mm-rse    total-score  
a195s eff 11327.60 1636.29 rse 195.3	a195s kcat 9.469e+02 8.267e+00 km 5.103e-03 1.708e-04 rse 12.84	    -840.256    -0.936 -1976.264   479.788  -206.304        4.126      207.689     1075.096     -53.675     -75.683     -87.677    -136.291      26.252     -62.842     0.662   -21.687   -12.508 a195s 0002
a356a eff 9561.50 1196.41 rse 142.8	a356a kcat 7.998e+02 1.175e+01 km 6.958e-03 3.683e-04 rse 16.23	    -842.116    -0.939 -1980.393   480.017  -205.070        4.152      207.888     1075.972     -53.956     -74.665     -90.479    -135.877      27.286     -63.187     0.660   -21.672   -11.853 a356a 0001
a357a eff 8616.05 1339.34 rse 159.9	a357a kcat 7.095e+02 1.708e+01 km 4.332e-03 4.120e-04 rse 28.04	    -843.145    -0.936 -1974.939   471.675  -198.960        4.190      205.091     1071.826     -55.119     -76.111     -85.601    -136.743      28.085     -62.538     0.741   -21.953   -11.853 a357a 0006
a408a eff 17949.90 2642.10 rse 315.4	a408a kcat 1.468e+03 2.739e+01 km 4.353e-03 3.206e-04 rse 44.9	    -842.990    -0.908 -1978.985   479.760  -202.249        4.221      204.019     1076.137     -56.285     -76.949     -85.500    -137.525      28.308     -62.511     0.735   -23.405   -11.853 a408a 0005
c167a eff 4580.86 538.99 rse 64.34	c167a kcat 3.991e+02 7.631e+00 km 1.044e-02 6.575e-04 rse 8.772	    -840.663    -0.952 -1974.821   479.057  -206.036        4.207      206.610     1070.192     -53.959     -74.990     -86.736    -136.207      27.253     -62.244     0.659   -21.083   -11.615 c167a 0004
c167q eff 5872.32 937.78 rse 111.9	c167q kcat 4.989e+02 5.015e+00 km 4.813e-03 1.875e-04 rse 7.95	    -839.362    -0.955 -1975.792   484.088  -205.255        4.219      206.841     1071.471     -53.815     -75.732     -88.866    -135.994      26.863     -62.280     0.663   -21.430   -13.386 c167q 0008
d403a eff 10.08849 0.84879 rse 0.1007	d403a kcat 1.19056 0.21157 km 0.04405 0.01690 rse 0.08002	    -836.960    -0.950 -1974.392   479.876  -200.747        4.211      207.720     1067.551     -54.645     -75.419     -87.720    -136.381      28.442     -63.549     0.652   -21.638    -9.973 d403a 0008
e154d eff 10395.0 1935.4 rse 231	e154d kcat 8.781e+02 4.672e+01 km 3.454e-03 7.559e-04 rse 82.24	    -840.081    -0.952 -1976.573   480.032  -205.250        4.207      208.101     1070.533     -53.185     -75.545     -87.880    -135.716      26.572     -62.349     0.673   -21.161   -11.586 e154d 0008
e164a eff 2.17669 0.46557 rse 0.0555	e164a kcat 0.1913051 0.0069112 km 0.0010052 0.0001697 rse 0.01525	    -841.413    -0.929 -1970.735   477.592  -204.644        4.158      206.453     1064.398     -53.801     -76.156     -85.504    -136.050      26.271     -62.624     0.667   -20.801    -9.706 e164a 0002
e177a eff 11808.55 1634.34 rse 195.1	e177a kcat 9.862e+02 9.964e+00 km 5.984e-03 2.247e-04 rse 14.61	    -842.287    -0.940 -1979.225   477.474  -205.746        4.143      207.778     1072.975     -53.766     -76.055     -86.979    -135.875      26.648     -62.339     0.636   -21.311    -9.706 e177a 0005
e17s eff 7504.47 1027.53 rse 122.7	e17s kcat 6.412e+02 9.326e+00 km 7.320e-03 3.797e-04 rse 12.62	    -841.514    -0.937 -1979.426   481.135  -206.448        4.154      208.614     1072.633     -53.824     -75.765     -87.449    -135.955      26.582     -62.401     0.648   -21.222   -11.853 e17s 0009
e180k eff 6507.21 959.05 rse 114.5	e180k kcat 5.549e+02 7.277e+00 km 6.193e-03 2.997e-04 rse 10.53	    -834.942    -0.940 -1977.026   484.845  -206.315        4.125      208.396     1073.819     -54.195     -76.447     -86.003    -135.951      26.212     -62.615     0.627   -21.554   -11.921 e180k 0006
e180l eff 7999.58 1010.91 rse 120.7	e180l kcat 6.804e+02 9.386e+00 km 7.745e-03 3.765e-04 rse 12.4	    -835.484    -0.904 -1975.474   474.729  -199.912        4.167      208.560     1070.867     -54.748     -75.505     -84.511    -136.653      28.997     -61.171     0.741   -23.635   -11.031 e180l 0005
e222a eff 668.443 301.040 rse 35.94	e222a kcat 8.988e+01 4.265e+00 km 6.259e-04 1.546e-04 rse 10.88	    -839.633    -0.913 -1970.747   468.526  -197.631        4.236      207.212     1066.679     -55.110     -75.691     -83.500    -137.523      28.620     -63.848     0.676   -20.913    -9.706 e222a 0004
e406a eff 5.030299 0.481367 rse 0.05713	e406a kcat 1.0997 0.8387 km 0.1441 0.1600 rse 2.178e-06	    -839.645    -0.939 -1974.036   477.163  -203.162        4.132      208.641     1065.629     -53.555     -75.024     -85.551    -136.137      25.999     -62.278     0.663   -21.484    -9.706 e406a 0008
e406d eff 358.1434 20.6396 rse 2.464	e406d kcat 39.102685 1.254067 km 0.034129 0.002574 rse 0.6234	    -839.549    -0.942 -1974.578   479.861  -203.311        4.128      206.463     1069.593     -54.178     -75.650     -85.304    -136.329      26.404     -62.903     0.671   -21.889   -11.586 e406d 0001
e426s eff 5712.93 1306.57 rse 156	e426s kcat 5.182e+02 4.688e+01 km 4.129e-03 1.489e-03 rse 78.17	    -841.031    -0.953 -1977.653   480.983  -207.835        4.200      206.340     1072.351     -53.048     -75.347     -88.935    -135.580      26.743     -61.696     0.669   -21.145   -10.122 e426s 0007
e53a eff s 1.963565 rse error:	e53a singular gradient\n" attr(,"class") attr(,"condition") simpleerror in rse 	    -842.347    -0.936 -1978.625   478.699  -205.612        4.158      208.296     1072.493     -54.373     -74.944     -87.072    -136.093      26.485     -62.583     0.635   -21.023   -11.853 e53a 0009
f405a eff 4.63864 1.05555 rse 0.1063	f405a kcat 0.361379 0.041747 km 0.002726 0.001308 rse error:	    -838.048    -0.937 -1967.975   472.056  -199.883        4.147      204.837     1067.768     -54.306     -74.688     -85.062    -137.366      29.049     -61.661     0.738   -23.076   -11.690 f405a 0003
f415a eff 11.3335 6.5712 rse 0.7845	f415a kcat 1.31168 0.89902 km 0.01611 0.03253 rse 5.085e-06	    -847.070    -0.948 -1976.090   478.982  -210.059        4.125      205.565     1073.774     -54.406     -74.437     -90.141    -136.221      26.395     -61.623     0.672   -20.967   -11.690 f415a 0007
f75a eff 7376.68 1008.18 rse 120.4	f75a kcat 6.133e+02 8.381e+00 km 5.465e-03 2.825e-04 rse 12.71	    -837.000    -0.917 -1978.137   480.521  -202.246        4.139      206.714     1075.401     -56.920     -76.334     -85.405    -136.671      28.105     -62.433     0.731   -21.921   -11.627 f75h 0001
g355a eff 12.38711 1.64541 rse 0.1964	g355a kcat 1.026938 0.070915 km 0.006059 0.001551 rse 0.1035	    -839.356    -0.933 -1976.052   475.118  -200.830        4.269      209.245     1070.316     -55.911     -75.467     -84.501    -137.893      28.999     -62.141     0.815   -22.988   -11.400 g355a 0004
h101r eff 12259.70 1289.88 rse 154	h101r kcat 1.059e+03 1.619e+01 km 1.062e-02 5.325e-04 rse 18.46	    -844.183    -0.936 -1981.953   480.937  -209.183        4.170      209.759     1076.739     -54.004     -75.680     -88.565    -136.387      26.374     -62.582     0.642   -21.153   -12.359 h101r 0010
h119a eff 1556.261 172.167 rse 20.55	h119a kcat 1.432e+02 1.062e+01 km 1.510e-02 3.358e-03 rse 9.967	    -848.523    -0.918 -1979.160   470.589  -200.751        4.168      207.055     1073.042     -54.963     -76.210     -86.143    -137.789      28.625     -62.314     0.703   -22.839   -11.617 h119a 0004
h122e eff 2.651667 0.065650 rse 0.007837	h122e kcat 0.64873 0.13187 km 0.16739 0.04756 rse 0.006804	    -837.386    -0.926 -1975.328   479.697  -203.440        4.312      207.105     1077.886     -55.886     -75.982     -88.861    -137.425      27.768     -62.168     0.682   -20.811   -14.009 h122e 0001
h122n eff 19.26624 1.52090 rse 0.1816	h122n kcat 1.899272 0.067163 km 0.023252 0.002181 rse 0.04687	    -835.451    -0.920 -1973.486   474.802  -201.043        4.207      208.869     1074.819     -54.944     -75.728     -86.154    -136.854      27.994     -62.850     0.715   -21.481   -13.397 h122n 0001
h178a eff 1286.459 184.713 rse 22.05	h178a kcat 1.108e+02 2.843e+00 km 7.410e-03 6.763e-04 rse 3.828	    -841.093    -0.932 -1969.107   478.617  -205.506        4.205      207.370     1068.077     -55.110     -75.445     -87.421    -137.011      26.837     -63.583     0.657   -21.125   -11.617 h178a 0006
h315n eff 565.721 85.583 rse 10.22	h315n kcat 4.770e+01 4.326e-01 km 4.971e-03 1.737e-04 rse 0.6784	    -842.330    -0.921 -1977.125   480.716  -205.136        4.185      207.580     1072.890     -53.492     -75.642     -88.509    -136.173      26.413     -62.907     0.678   -21.732   -13.152 h315n 0008
h373r eff 8477.60 1147.69 rse 137	h373r kcat 7.074e+02 9.122e+00 km 6.306e-03 2.991e-04 rse 13.11	    -841.704    -0.953 -1975.474   479.460  -205.749        4.096      207.059     1070.422     -52.635     -75.137     -87.761    -135.485      26.517     -62.646     0.671   -21.731   -12.359 h373r 0006
h379r eff 28.43317 3.45695 rse 0.4127	h379r kcat 2.3744317 0.0866702 km 0.0062402 0.0008394 rse 0.1251	    -838.008    -0.955 -1979.065   482.171  -204.129        4.232      208.646     1076.850     -56.068     -75.208     -88.355    -136.525      27.681     -63.947     0.628   -21.605   -12.359 h379r 0003
i247n eff 3100.79 616.90 rse 73.64	i247n kcat 2.714e+02 3.686e+00 km 2.151e-03 1.297e-04 rse 7.367	    -840.482    -0.921 -1968.185   477.579  -202.095        4.142      203.469     1073.383     -58.049     -75.832     -86.788    -137.274      28.684     -62.588     0.652   -22.934   -13.724 i247n 0005
i303n eff 8409.21 1210.11 rse 144.5	i303n kcat 6.934e+02 1.274e+01 km 4.481e-03 3.233e-04 rse 20.68	    -841.968    -0.917 -1979.865   474.510  -198.486        4.271      207.106     1074.855     -56.774     -74.710     -86.146    -137.830      28.749     -63.054     0.688   -21.406   -12.959 i303n 0005
i91e eff 6163.40 1549.81 rse 184.7	i91e kcat 5.914e+02 5.276e+01 km 3.258e-03 1.161e-03 rse 90.72	    -839.957    -0.953 -1980.607   484.896  -207.231        4.193      207.987     1075.823     -53.231     -76.608     -88.197    -135.808      27.039     -62.338     0.673   -21.357   -14.238 i91e 0005
k344a eff 12311.94 1806.41 rse 215.6	k344a kcat 1.046e+03 1.679e+01 km 5.456e-03 3.314e-04 rse 25.47	    -841.777    -0.953 -1977.870   480.440  -205.475        4.195      206.677     1069.703     -53.709     -74.731     -86.720    -135.829      26.603     -62.032     0.672   -21.314   -11.436 k344a 0005
k413a eff 9708.63 1966.94 rse 234.8	k413a kcat 8.348e+02 3.264e+01 km 2.920e-03 4.831e-04 rse 60.26	    -839.237    -0.947 -1972.680   477.305  -204.118        4.231      207.606     1069.036     -54.029     -73.965     -87.757    -136.325      26.751     -62.811     0.651   -21.213   -10.972 k413a 0006
l171a eff 9242.80 992.04 rse 118.4	l171a kcat 8.068e+02 9.314e+00 km 1.109e-02 4.156e-04 rse 10.38	    -841.415    -0.936 -1975.869   479.928  -206.467        4.139      207.939     1071.863     -53.852     -75.052     -88.145    -135.567      25.961     -62.654     0.656   -21.497   -11.862 l171a 0005
l174r eff 4693.33 861.08 rse 102.8	l174r kcat 4.035e+02 6.717e+00 km 3.358e-03 2.311e-04 rse 11.92	    -834.193    -0.958 -1979.420   479.319  -199.538        4.252      206.520     1075.564     -55.071     -74.293     -84.272    -137.621      30.009     -62.981     0.748   -24.309   -12.142 l174r 0001
l219a eff 2304.976 306.971 rse 36.65	l219a kcat 1.975e+02 3.949e+00 km 7.767e-03 5.468e-04 rse 5.209	    -838.835    -0.923 -1973.980   471.977  -198.293        4.262      208.017     1071.760     -56.250     -76.420     -84.554    -137.650      28.945     -63.667     0.810   -21.008   -11.862 l219a 0004
m221a eff 6553.98 912.55 rse 108.9	m221a kcat 5.538e+02 1.339e+01 km 6.419e-03 5.687e-04 rse 19.11	    -842.157    -0.911 -1972.675   474.837  -199.741        4.219      205.397     1072.024     -58.312     -77.222     -86.216    -137.808      29.996     -62.293     0.786   -22.819   -11.418 m221a 0005
m261e eff 701.561 72.951 rse 8.709	m261e kcat 61.633030 4.962891 km 0.010120 0.002703 rse 5.795	    -842.378    -0.935 -1979.429   476.324  -201.168        4.197      206.869     1076.188     -57.711     -75.993     -85.787    -137.185      29.359     -62.401     0.769   -21.911   -13.565 m261e 0008
m323a eff 4778.04 619.64 rse 73.97	m323a kcat 4.156e+02 1.058e+01 km 9.344e-03 8.040e-04 rse 12.84	    -840.986    -0.934 -1969.797   473.351  -200.442        4.202      206.446     1069.303     -56.377     -75.493     -85.522    -138.011      29.524     -63.086     0.740   -23.472   -11.418 m323a 0002
m323k eff 12.47547 1.87928 rse 0.2243	m323k kcat 1.38612 0.41628 km 0.03264 0.02340 rse 0.2161	    -839.603    -0.921 -1974.596   480.332  -206.872        4.216      206.779     1073.341     -54.651     -73.460     -88.653    -136.399      26.814     -62.589     0.636   -21.282   -12.299 m323k 0002
m361t eff 5242.17 726.18 rse 86.69	m361t kcat 4.361e+02 1.115e+01 km 4.833e-03 4.783e-04 rse 17.65	    -841.621    -0.932 -1972.475   472.684  -200.227        4.214      204.361     1070.933     -56.295     -75.387     -84.955    -136.796      27.941     -63.167     0.676   -22.061   -10.134 m361t 0003
n163a eff 75.1799 8.4817 rse 1.013	n163a kcat 6.6623516 0.1589231 km 0.0119454 0.0009079 rse 0.1704	    -840.100    -0.941 -1974.320   479.182  -205.898        4.161      207.416     1067.739     -53.140     -75.575     -86.957    -135.464      26.458     -61.950     0.708   -21.200   -10.318 n163a 0002
n166d eff 122.0387 10.4253 rse 1.245	n166d kcat 11.138527 0.283888 km 0.015401 0.001171 rse 0.2633	    -836.325    -0.956 -1976.531   482.461  -205.122        4.185      206.893     1076.157     -53.943     -75.493     -88.800    -136.259      27.707     -62.910     0.645   -21.087   -13.271 n166d 0009
n220a eff 4639.80 565.61 rse 67.52	n220a kcat 4.049e+02 8.165e+00 km 1.027e-02 6.846e-04 rse 9.465	    -841.647    -0.941 -1972.538   474.382  -201.732        4.205      206.038     1067.623     -54.579     -74.943     -85.367    -138.071      29.221     -61.820     0.736   -23.542   -10.318 n220a 0001
n223h eff 1462.427 215.496 rse 25.73	n223h kcat 1.226e+02 1.338e+00 km 5.136e-03 2.146e-04 rse 2.074	    -844.370    -0.939 -1975.776   470.959  -201.537        4.142      208.447     1071.970     -55.671     -75.652     -83.899    -137.841      29.319     -63.069     0.714   -23.684   -11.853 n223h 0007
n293a eff 73.0164 16.9098 rse 2.839	n293a kcat 6.354258 1.553100 km 0.009454 0.007789 rse 2.651	    -842.031    -0.943 -1977.571   479.270  -204.305        4.176      206.591     1067.504     -52.492     -76.164     -85.765    -135.550      26.475     -62.313     0.736   -21.363   -10.318 n293a 0005
n354a eff 36.6355 4.8283 rse 0.5764	n354a kcat 3.0140495 0.0935565 km 0.0056887 0.0006628 rse 0.1398	    -838.242    -0.943 -1977.413   479.944  -207.202        4.168      210.312     1071.751     -53.251     -74.942     -86.476    -136.803      27.080     -63.491     0.643   -21.302   -10.318 n354a 0009
n404a eff 43.3901 4.8455 rse 0.5784	n404a kcat 3.7048963 0.0489320 km 0.0094153 0.0004195 rse 0.05917	    -840.718    -0.939 -1972.919   477.345  -203.684        4.197      205.428     1067.079     -54.938     -74.281     -85.308    -136.444      26.998     -62.626     0.653   -20.960   -10.318 n404a 0004
n407a eff 563.946 58.094 rse 6.935	n407a kcat 4.921e+01 8.094e-01 km 1.095e-02 5.863e-04 rse 0.9086	    -839.204    -0.966 -1969.150   480.095  -207.156        4.218      206.692     1069.467     -53.618     -75.373     -88.853    -137.232      27.830     -63.659     0.636   -19.708   -12.427 n407c 0006
p329w eff 3.72133 0.49941 rse 0.05851	p329w kcat 0.38283 0.07472 km 0.02717 0.01342 rse error:	    -841.069    -0.943 -1982.833   476.815  -199.948        4.212      207.237     1078.144     -56.337     -76.188     -85.245    -138.435      29.375     -61.810     0.720   -23.258   -12.575 p329n 0006
q19a eff 3.294158 0.223347 rse 0.02662	q19a kcat 0.360716 0.033516 km 0.032190 0.007549 rse 0.01679	    -838.825    -0.943 -1970.024   470.944  -199.361        4.224      205.801     1066.723     -54.031     -74.954     -84.924    -136.656      27.607     -62.215     0.708   -21.642   -10.082 q19a 0004
q22s eff 5.444055 0.277266 rse 0.0331	q22s kcat 0.72077 0.08453 km 0.05723 0.01323 rse 0.02318	    -833.558    -0.944 -1978.368   483.312  -204.949        4.205      209.444     1073.034     -52.982     -75.367     -88.732    -135.539      27.132     -61.934     0.680   -20.734   -11.817 q22s 0010
q284r eff 4250.37 539.08 rse 64.35	q284r kcat 3.698e+02 1.539e+01 km 9.677e-03 1.350e-03 rse 18.36	    -842.626    -0.933 -1979.814   475.189  -203.323        4.316      208.334     1074.564     -55.066     -74.786     -87.058    -137.220      26.975     -61.757     0.662   -21.886   -10.824 q284r 0004
q313r eff 6850.74 1127.29 rse 134.6	q313r kcat 5.737e+02 2.869e+00 km 3.537e-03 7.244e-05 rse 5.015	    -842.497    -0.937 -1978.732   477.217  -203.021        4.210      206.571     1073.665     -56.102     -76.605     -86.143    -137.278      29.443     -61.558     0.740   -23.141   -10.824 q313r 0002
q316r eff 9682.96 1555.15 rse 185.6	q316r kcat 8.048e+02 5.964e+00 km 3.617e-03 1.094e-04 rse 10.36	    -840.117    -0.918 -1980.440   478.558  -202.860        4.251      207.540     1075.305     -56.042     -76.543     -84.808    -137.649      27.652     -63.136     0.669   -19.537   -12.161 q316r 0004
r240a eff 498290.09 10254.26 rse 73.15	r240a kcat 7.260e+03 3.853e+02 km 9.781e-03 7.388e-04 rse 22.32	    -841.822    -0.949 -1970.915   470.313  -197.889        4.182      205.517     1066.053     -53.917     -75.672     -83.297    -138.111      29.111     -62.676     0.793   -23.254   -11.111 r240a 0003
r76a eff 28.72448 2.66092 rse 0.3177	r76a kcat 2.604545 0.159485 km 0.013534 0.002558 rse 0.1597	    -842.348    -0.935 -1969.363   472.858  -200.163        4.246      204.544     1064.127     -54.667     -76.067     -83.670    -137.230      27.782     -61.806     0.756   -21.651   -11.111 r76a 0009
s14a eff 3802.43 407.46 rse 48.64	s14a kcat 3.205e+02 1.135e+01 km 8.255e-03 1.016e-03 rse 14.58	    -842.161    -0.924 -1980.886   472.001  -198.287        4.264      206.975     1072.959     -55.225     -76.587     -82.324    -137.753      28.711     -62.081     0.723   -22.292   -11.436 s14a 0006
s16a eff 8.64882 0.68269 rse 0.0815	s16a singular gradient\n" attr(,"class") attr(,"condition") simpleerror in rse 	    -840.877    -0.954 -1978.358   480.100  -204.970        4.208      209.293     1070.794     -55.299     -74.895     -87.123    -135.986      27.256     -63.200     0.662   -20.967   -11.436 s16a 0010
s17a eff 5614.70 1087.11 rse 129.8	s17a kcat 4.857e+02 5.497e+01 km 5.869e-03 2.478e-03 rse 81.18	    -843.724    -0.938 -1977.896   475.383  -200.599        4.201      207.395     1070.963     -56.715     -76.458     -86.294    -136.891      29.044     -62.966     0.838   -21.356   -11.436 s17a 0003
s19a eff 1718.292 164.914 rse 19.69	s19a kcat 1.540e+02 1.375e+00 km 1.401e-02 3.826e-04 rse 1.35	    -838.100    -0.950 -1964.291   472.446  -199.809        4.227      205.666     1061.910     -54.864     -74.919     -82.638    -137.395      28.101     -63.036     0.715   -23.182   -10.082 s19a 0010
s334a eff 9670.96 1553.65 rse 185.5	s334a kcat 8.168e+02 5.381e+00 km 4.338e-03 1.129e-04 rse 8.831	    -846.088    -0.948 -1980.507   473.746  -203.404        4.250      205.375     1075.995     -54.395     -75.538     -86.436    -137.065      29.364     -62.685     0.704   -23.573   -10.972 s334a 0008
s400a eff 6434.39 1011.07 rse 120.7	s400a kcat 5.307e+02 8.900e+00 km 3.220e-03 2.248e-04 rse 15.99	    -844.926    -0.955 -1972.803   472.467  -199.282        4.093      205.166     1067.736     -55.087     -76.290     -86.729    -137.526      29.873     -61.424     0.753   -23.482   -11.436 s400a 0010
t178r eff 7488.11 991.16 rse 167.3	t178r kcat 6.119e+02 5.836e+01 km 5.465e-03 1.972e-03 rse 125.1	    -841.944    -0.944 -1976.453   479.185  -205.742        4.194      206.774     1073.217     -53.389     -75.559     -87.625    -136.283      26.007     -62.446     0.691   -21.213   -12.359 t178r 0004
t218a eff 5535.87 582.07 rse 69.39	t218a kcat 4.644e+02 1.847e+01 km 6.515e-03 9.400e-04 rse 25.89	    -841.538    -0.936 -1981.614   480.459  -205.332        4.141      208.098     1073.661     -54.533     -75.768     -86.065    -135.996      26.617     -62.452     0.638   -21.031   -11.424 t218a 0005
t296a eff 1244.853 145.956 rse 17.42	t296a kcat 1.094e+02 2.347e+00 km 1.105e-02 7.697e-04 rse 2.622	    -839.128    -0.939 -1975.772   480.178  -204.391        4.133      208.358     1070.803     -53.126     -75.755     -88.477    -136.363      27.363     -63.050     0.665   -21.331   -11.424 t296a 0001
t352a eff 659.287 65.886 rse 7.865	t352a kcat 59.514495 2.405917 km 0.014258 0.001755 rse 2.337	    -841.442    -0.937 -1977.876   480.017  -206.221        4.144      208.904     1070.951     -53.784     -74.941     -87.158    -136.043      25.726     -62.349     0.646   -21.098   -11.424 t352a 0001
v147s eff 52.8603 6.0609 rse 0.7225	v147s kcat 4.5582581 0.1200565 km 0.0064527 0.0006172 rse 0.1688	    -838.874    -0.938 -1977.252   473.451  -199.472        4.225      207.469     1073.501     -54.270     -75.651     -82.623    -138.095      29.129     -63.452     0.676   -23.151   -12.421 v147s 0008
v55g eff 8125.38 944.75 rse 112.8	v55g kcat 6.875e+02 1.301e+01 km 8.246e-03 5.425e-04 rse 16.72	    -843.542    -0.932 -1975.852   475.090  -201.432        4.287      208.079     1069.910     -54.642     -75.930     -86.984    -137.480      26.950     -63.269     0.625   -21.536   -10.425 v55g 0005
w120a eff 465.2880 15.9480 rse error:	w120a kcat 66.007199 1.880106 km 0.066682 0.003547 rse 0.4196	    -842.599    -0.947 -1968.767   476.889  -205.877        4.120      204.509     1067.683     -53.498     -74.644     -87.973    -136.555      26.621     -62.188     0.667   -20.450   -12.189 w120a 0003
w120f eff 5115.11 406.60 rse 48.54	w120f kcat 4.718e+02 2.056e+01 km 1.608e-02 2.067e-03 rse 18.57	    -842.780    -0.955 -1975.628   481.740  -204.866        4.174      205.797     1069.745     -54.040     -75.590     -88.233    -135.832      26.882     -62.936     0.709   -21.396   -12.351 w120f 0004
w325a eff 297.721 80.466 rse 9.606	w325a kcat 2.941e+01 8.880e-01 km 1.612e-03 2.251e-04 rse 1.898	    -836.982    -0.954 -1967.638   479.052  -205.737        4.170      208.154     1068.864     -53.575     -75.837     -89.426    -135.742      27.356     -62.591     0.681   -21.570   -12.189 w325a 0002
w325l eff 1300.405 176.577 rse 21.08	w325l kcat 1.085e+02 1.265e+00 km 5.948e-03 2.578e-04 rse 1.858	    -840.436    -0.944 -1973.699   476.810  -205.440        4.130      206.513     1070.603     -54.432     -74.932     -85.411    -136.154      26.707     -61.849     0.638   -20.795   -12.180 w325l 0005
w328c eff 118.4363 22.2057 rse 2.651	w328c kcat 1.045e+01 3.309e-01 km 4.175e-03 5.258e-04 rse 0.5498	    -844.221    -0.954 -1969.455   467.793  -201.953        4.148      206.287     1071.551     -53.791     -75.547     -87.897    -137.252      28.922     -62.496     0.714   -22.436   -11.855 w328c 0009
w328h eff 383.276 82.256 rse 9.819	w328h kcat 3.492e+01 1.171e+00 km 3.075e-03 4.325e-04 rse 2.131	    -839.637    -0.950 -1977.051   483.441  -205.843        4.142      207.138     1072.746     -55.033     -76.135     -87.882    -135.382      26.759     -62.462     0.680   -21.953   -11.853 w328h 0007
w328l eff 1243.529 189.649 rse 22.64	w328l kcat 1.067e+02 3.213e+00 km 5.328e-03 6.100e-04 rse 4.917	    -841.645    -0.943 -1977.860   477.832  -205.601        4.152      208.675     1071.409     -54.186     -75.824     -86.365    -135.558      26.684     -62.288     0.654   -20.818   -11.608 w328l 0003
w399a eff 2.574192 0.217126 rse 0.02592	w399a kcat 0.235170 0.012213 km 0.016650 0.002525 rse 0.01079	    -838.932    -0.979 -1968.430   478.234  -206.576        4.187      205.679     1070.743     -54.585     -75.246     -87.951    -136.554      27.346     -62.484     0.642   -20.769   -12.189 w34a 0006
w402c eff 17.83164 0.65736 rse error:	w402c kcat 2.423250 0.090688 km 0.060229 0.004362 rse 0.02325	    -842.914    -0.952 -1963.388   473.189  -200.876        4.143      205.987     1061.410     -54.802     -76.183     -88.042    -136.556      28.478     -62.137     0.748   -21.745   -12.189 w399a 0008
w407a eff 131.6518 17.1680 rse 2.049	w407a kcat 11.399309 0.485880 km 0.007592 0.001145 rse 0.6473	    -839.668    -0.954 -1975.984   481.210  -207.065        4.189      208.262     1073.568     -53.511     -75.593     -88.786    -135.798      25.646     -62.210     0.658   -21.200   -12.100 w402c 0005
w407g eff 0.9040069 0.0861582 rse 0.01029	w407g kcat 1.071 7.287 km 1.126 8.142 rse 6.806e-07	    -840.341    -0.967 -1967.714   480.239  -206.993        4.181      204.616     1069.662     -54.118     -75.567     -88.244    -136.312      27.504     -63.320     0.683   -21.349   -12.641 w407g 0007
w407q eff 5.96514 1.21943 rse 0.1456	w407q kcat 0.99648 0.75112 km 0.06946 0.09639 rse 7.83e-06	    -839.575    -0.968 -1973.444   482.504  -207.239        4.235      205.622     1073.605     -54.321     -74.639     -87.967    -136.863      27.154     -63.232     0.641   -20.703   -13.960 w407q 0005
w407r eff 4.035921 0.342334 rse 0.04087	w407r kcat 1.0436 0.9183 km 0.1835 0.2204 rse 9.153e-07	    -847.165    -0.949 -1974.369   472.993  -200.987        4.178      204.999     1073.278     -55.860     -75.555     -88.748    -138.164      29.175     -64.151     0.736   -20.810   -12.931 w407r 0006
w409a eff 3.480958 0.272056 rse 0.03212	w409a kcat 0.44042 0.08710 km 0.03991 0.01764 rse 0.0367	    -842.033    -0.940 -1969.699   478.443  -205.682        4.115      206.990     1070.169     -54.614     -75.957     -88.314    -135.685      25.605     -63.003     0.667   -21.939   -12.189 w409a 0006
wt6 eff 11031.34 1677.71 rse 200.3	wt6 kcat 9.157e+02 1.208e+01 km 4.657e-03 2.395e-04 rse 19.36	    -842.116    -0.939 -1980.393   480.017  -205.070        4.152      207.888     1075.972     -53.956     -74.665     -90.479    -135.877      27.286     -63.187     0.660   -21.672   -11.853 wt 0001
y169p eff 255.659 70.174 rse 8.377	y169p kcat 2.521e+01 1.172e+00 km 2.241e-03 4.597e-04 rse 2.32	    -837.345    -0.942 -1980.245   480.267  -203.718        4.148      211.422     1070.417     -53.965     -75.651     -87.284    -135.269      27.919     -61.961     0.956   -21.190   -12.249 y169p 0008
y18a eff 1846.520 116.984 rse 13.97	y18a kcat 1.965e+02 9.293e+00 km 3.154e-02 3.599e-03 rse 4.986	    -840.478    -0.945 -1969.531   472.511  -197.137        4.188      203.702     1069.513     -55.516     -75.380     -85.288    -138.603      29.061     -62.118     0.681   -24.226   -11.391 y18a 0010
y294a eff 1911.346 293.320 rse 35.02	y294a kcat 1.604e+02 2.283e+00 km 4.620e-03 2.567e-04 rse 3.669	    -837.149    -0.941 -1975.360   479.419  -204.235        4.215      206.057     1073.369     -54.867     -75.987     -85.734    -136.278      27.608     -62.205     0.677   -21.497   -11.391 y294a 0007
y295a eff 2.73399 0.30781 rse 0.03675	y295a kcat 0.247882 0.030373 km 0.012951 0.004954 rse 0.03117	    -835.976    -0.939 -1967.020   478.128  -204.480        4.135      207.222     1065.948     -54.604     -74.682     -85.262    -136.116      25.962     -62.492     0.650   -21.035   -11.391 y295a 0008
y297f eff 8857.72 1167.12 rse 139.3	y297f kcat 7.349e+02 1.071e+01 km 5.987e-03 3.242e-04 rse 15.7	    -839.737    -0.953 -1974.762   478.699  -203.568        4.187      207.626     1067.327     -54.382     -76.106     -85.183    -135.482      27.508     -62.891     0.646   -21.130   -11.273 y297f 0001
